0   0.81   1   1.21   1.44   1.69   1.96   2.25   2.56   2.89   3.24   3.61   4   4.41   4.84   5.29   5.76   6.25   6.76   7.29   7.84   8.41   9   9.61   10.24   10.89   11.56   12.25   12.96   13.69   14.44   15.21   16   0   
0   0.82   1.02   1.2325   1.463125   1.71328125   1.9833203125   2.273330078125   2.58333251953125   2.91333312988281   3.2633332824707   3.63333332061768   4.02333333015442   4.4333333325386   4.86333333313465   5.31333333328366   5.78333333332092   6.27333333333023   6.78333333333256   7.31333333333314   7.86333333333329   8.43333333333332   9.02333333333333   9.63333333333333   10.2633333333333   10.9133333333333   8.68333333333333   8.47583333333333   8.78395833333333   13.7   0   0   0   0   
0   0.85   1.0525   1.26625   1.49734375   1.74765625   2.017744140625   2.3077685546875   2.61777526855469   2.94777709960938   3.29777759552002   3.66777772903442   4.05777776479721   4.46777777433395   4.89777777686715   5.3477777775377   5.81777777771465   6.30777777776122   6.81777777777345   7.34777777777665   7.89777777777748   8.4677777777777   9.05777777777776   7.24277777777777   7.10902777777778   10.93   0   0   0   0   0   0   0   0   
0   0.9   1.103125   1.31734375   1.548671875   1.79908203125   2.06920654296875   2.35924377441406   2.66925476074219   2.99925796508789   3.34925889015198   3.7192591547966   4.10925922989845   4.5192592510581   4.94925925698131   5.39925925862975   5.8692592590861   6.35925925921183   6.86925925924632   7.39925925925574   5.94925925925831   5.876759259259   9.09   0   0   0   0   0   0   0   0   0   0   0   
0   0.97   1.17328125   1.38765625   1.61908203125   1.869541015625   2.13968688964844   2.42973266601563   2.73974685668945   3.06975120544434   3.41975252389908   3.78975291967392   4.17975303739309   4.5897530721128   5.01975308227353   5.46975308522582   5.93975308607798   6.42975308632245   5.18725308639219   7.45   0   0   0   0   0   0   0   0   0   0   0   0   0   0   
0   1.06   1.2633203125   1.477744140625   1.70920654296875   1.95968688964844   2.22984344482422   2.51989402770996   2.82991022109985   3.15991535663605   3.50991697013378   3.87991747245193   4.26991762746125   4.67991767489351   5.10991768929176   4.1474176936294   4.14679269492684   6.5   0   0   0   0   0   0   0   0   0   0   0   0   0   0   0   0   
0   1.17   1.373330078125   1.5877685546875   1.81924377441406   2.06973266601563   2.33989402770996   2.62994701385498   2.93996430873871   3.26996991634369   3.61997172161937   3.98997229851782   4.37997248149477   3.56497253909707   5.2   0   0   0   0   0   0   0   0   0   0   0   0   0   0   0   0   0   0   0   
0   1.3   1.50333251953125   1.71777526855469   1.94925476074219   2.19974685668945   2.46991022109985   2.75996430873871   3.06998215436936   3.39998801767826   3.74998993482441   3.05749055833556   4.49   0   0   0   0   0   0   0   0   0   0   0   0   0   0   0   0   0   0   0   0   0   
0   1.45   1.65333312988281   1.86777709960938   2.09925796508789   2.34975120544434   2.61991535663605   2.90996991634369   3.21998801767826   3.54999400883913   3.88   0   0   0   0   0   0   0   0   0   0   0   0   0   0   0   0   0   0   0   0   0   0   0   
0   1.62   1.8233332824707   2.03777759552002   2.26925889015198   2.51975252389908   2.78991697013378   3.07997172161937   2.49998993482441   3.7   0   0   0   0   0   0   0   0   0   0   0   0   0   0   0   0   0   0   0   0   0   0   0   0   
0   1.81   2.01333332061768   2.22777772903442   2.4592591547966   2.70975291967392   2.97991747245193   3.25   0   0   0   0   0   0   0   0   0   0   0   0   0   0   0   0   0   0   0   0   0   0   0   0   0   0   
0   2.02   2.22333333015442   2.43777776479721   2.66925922989845   2.91975303739309   3.17   0   0   0   0   0   0   0   0   0   0   0   0   0   0   0   0   0   0   0   0   0   0   0   0   0   0   0   
0   2.25   2.4533333325386   2.66777777433395   2.1167592510581   3.13   0   0   0   0   0   0   0   0   0   0   0   0   0   0   0   0   0   0   0   0   0   0   0   0   0   0   0   0   
0   2.5   2.70333333313465   2.9   0   0   0   0   0   0   0   0   0   0   0   0   0   0   0   0   0   0   0   0   0   0   0   0   0   0   0   0   0   0   
0   2.77   2.96   0   0   0   0   0   0   0   0   0   0   0   0   0   0   0   0   0   0   0   0   0   0   0   0   0   0   0   0   0   0   0   
